1 0.642188 0.838542 0.181250 0.197917
2 0.704688 0.452083 0.059375 0.075000
2 0.611719 0.746875 0.051562 0.060417
2 0.153906 0.294792 0.039062 0.052083
2 0.881250 0.177083 0.043750 0.070833
0 0.949219 0.636458 0.101562 0.177083
0 0.874219 0.083333 0.098437 0.120833
0 0.150000 0.102083 0.146875 0.162500
0 0.072656 0.208333 0.142187 0.191667
0 0.053906 0.086458 0.104688 0.168750
0 0.290625 0.506250 0.112500 0.187500
0 0.179688 0.442708 0.115625 0.152083
0 0.292969 0.305208 0.151562 0.143750
0 0.709375 0.162500 0.134375 0.191667
0 0.784375 0.226042 0.084375 0.202083
0 0.550000 0.616667 0.128125 0.166667
0 0.367188 0.707292 0.146875 0.252083
0 0.185156 0.914583 0.139063 0.166667
0 0.153906 0.684375 0.132812 0.189583
0 0.057813 0.680208 0.112500 0.210417
0 0.394531 0.494792 0.120313 0.206250
0 0.484375 0.488542 0.125000 0.156250
0 0.507812 0.551042 0.103125 0.143750
0 0.276562 0.044792 0.131250 0.085417
0 0.321875 0.160417 0.087500 0.166667
0 0.368750 0.118750 0.087500 0.166667
0 0.421875 0.042708 0.134375 0.081250
