1 0.314063 0.473958 0.271875 0.427083
2 0.172656 0.363542 0.048438 0.068750
2 0.949219 0.535417 0.048438 0.066667
2 0.884375 0.172917 0.062500 0.104167
0 0.650781 0.495833 0.120313 0.150000
0 0.722656 0.443750 0.126562 0.154167
0 0.785937 0.331250 0.121875 0.166667
0 0.483594 0.267708 0.129688 0.168750
0 0.576562 0.279167 0.118750 0.208333
0 0.615625 0.197917 0.118750 0.183333
0 0.427344 0.138542 0.126562 0.218750
0 0.817187 0.590625 0.140625 0.181250
0 0.882812 0.695833 0.096875 0.120833
0 0.970313 0.185417 0.059375 0.166667
0 0.247656 0.143750 0.139063 0.237500
0 0.221094 0.897917 0.192188 0.187500
0 0.095312 0.933333 0.134375 0.133333
0 0.471875 0.940625 0.115625 0.118750
0 0.534375 0.895833 0.168750 0.137500
0 0.521094 0.685417 0.114062 0.145833
0 0.641406 0.673958 0.110937 0.172917
