1 0.625000 0.123958 0.209375 0.243750
2 0.875000 0.168750 0.053125 0.087500
2 0.500000 0.317708 0.053125 0.097917
2 0.199219 0.707292 0.023438 0.056250
0 0.499219 0.354167 0.135937 0.183333
0 0.396094 0.521875 0.132812 0.239583
0 0.224219 0.300000 0.145313 0.191667
0 0.224219 0.440625 0.101562 0.131250
0 0.245312 0.519792 0.140625 0.185417
0 0.656250 0.645833 0.146875 0.179167
0 0.582031 0.867708 0.157812 0.177083
0 0.839844 0.779167 0.132812 0.216667
0 0.950781 0.402083 0.098437 0.166667
0 0.789062 0.396875 0.134375 0.181250
0 0.754687 0.316667 0.103125 0.266667
0 0.717969 0.825000 0.170313 0.237500
0 0.132031 0.754167 0.157812 0.187500
0 0.067969 0.573958 0.114062 0.135417
