1 0.536719 0.476042 0.289062 0.422917
1 0.054688 0.946875 0.106250 0.097917
2 0.121875 0.490625 0.075000 0.106250
2 0.710156 0.072917 0.051562 0.083333
2 0.802344 0.150000 0.039062 0.066667
0 0.924219 0.309375 0.151562 0.139583
0 0.305469 0.739583 0.157812 0.204167
0 0.240625 0.878125 0.156250 0.181250
0 0.513281 0.917708 0.139063 0.164583
0 0.591406 0.901042 0.126562 0.177083
0 0.189844 0.061458 0.135937 0.118750
0 0.060937 0.797917 0.118750 0.212500
0 0.208594 0.445833 0.101562 0.150000
0 0.265625 0.338542 0.121875 0.168750
