1 0.184375 0.685417 0.212500 0.400000
1 0.592969 0.731250 0.364063 0.433333
0 0.749219 0.282292 0.170313 0.177083
0 0.464844 0.254167 0.110937 0.166667
0 0.591406 0.263542 0.139063 0.193750
0 0.784375 0.088542 0.131250 0.172917
0 0.905469 0.044792 0.110937 0.085417
0 0.958594 0.046875 0.067187 0.089583
0 0.900781 0.241667 0.129688 0.175000
0 0.553906 0.468750 0.110937 0.158333
0 0.198437 0.410417 0.156250 0.200000
0 0.129688 0.273958 0.121875 0.156250
0 0.071094 0.180208 0.120313 0.127083
0 0.103125 0.066667 0.153125 0.129167
0 0.398438 0.050000 0.206250 0.095833
0 0.957031 0.342708 0.048438 0.110417
0 0.985938 0.338542 0.028125 0.081250
