1 0.285156 0.822917 0.329688 0.337500
0 0.615625 0.851042 0.153125 0.189583
0 0.080469 0.250000 0.157812 0.308333
0 0.774219 0.923958 0.107813 0.152083
0 0.839063 0.294792 0.134375 0.185417
0 0.055469 0.890625 0.107813 0.214583
0 0.614062 0.181250 0.140625 0.208333
0 0.557031 0.071875 0.129688 0.139583
0 0.467969 0.075000 0.082812 0.145833
0 0.324219 0.056250 0.170313 0.108333
0 0.283594 0.173958 0.151562 0.197917
0 0.321875 0.464583 0.168750 0.208333
0 0.317969 0.352083 0.101562 0.145833
0 0.410156 0.497917 0.089063 0.150000
0 0.477344 0.464583 0.092188 0.200000
0 0.432031 0.277083 0.120313 0.183333
0 0.500781 0.239583 0.114062 0.183333
0 0.586719 0.263542 0.098437 0.177083
0 0.509375 0.818750 0.106250 0.216667
0 0.711719 0.706250 0.104688 0.175000
0 0.775781 0.706250 0.120313 0.191667
0 0.802344 0.559375 0.132812 0.260417
0 0.894531 0.672917 0.104688 0.329167
0 0.792969 0.368750 0.129688 0.162500
0 0.602344 0.471875 0.142187 0.210417
0 0.153906 0.465625 0.123438 0.197917
0 0.124219 0.595833 0.126562 0.158333
0 0.067969 0.661458 0.098437 0.189583
0 0.026562 0.597917 0.050000 0.233333
0 0.500781 0.954167 0.132812 0.091667
0 0.923438 0.963542 0.100000 0.072917
0 0.970313 0.780208 0.059375 0.181250
0 0.970313 0.571875 0.059375 0.256250
0 0.917188 0.234375 0.125000 0.164583
0 0.939063 0.112500 0.121875 0.187500
0 0.800000 0.075000 0.193750 0.145833
