2 0.671875 0.229167 0.053125 0.066667
2 0.881250 0.162500 0.050000 0.083333
2 0.565625 0.265625 0.043750 0.043750
2 0.424219 0.842708 0.073438 0.085417
2 0.196094 0.554167 0.051562 0.091667
2 0.716406 0.965625 0.032813 0.039583
2 0.985938 0.980208 0.028125 0.035417
1 0.570312 0.891667 0.218750 0.216667
1 0.319531 0.439583 0.189062 0.216667
0 0.709375 0.582292 0.143750 0.160417
0 0.688281 0.547917 0.123438 0.116667
0 0.706250 0.468750 0.134375 0.141667
0 0.610156 0.431250 0.151562 0.175000
0 0.880469 0.502083 0.139063 0.141667
0 0.910937 0.621875 0.140625 0.164583
0 0.957812 0.761458 0.084375 0.122917
0 0.901563 0.920833 0.146875 0.158333
0 0.153125 0.097917 0.137500 0.158333
0 0.152344 0.223958 0.135937 0.172917
0 0.346875 0.584375 0.131250 0.139583
0 0.146094 0.381250 0.089063 0.145833
