1 0.372656 0.404167 0.214062 0.295833
2 0.883594 0.165625 0.051562 0.072917
2 0.179688 0.718750 0.034375 0.045833
2 0.014063 0.510417 0.025000 0.062500
2 0.928125 0.698958 0.031250 0.122917
2 0.846875 0.954167 0.034375 0.070833
0 0.296094 0.803125 0.160938 0.210417
0 0.736719 0.908333 0.151562 0.183333
0 0.904687 0.933333 0.115625 0.133333
0 0.964063 0.737500 0.071875 0.170833
0 0.916406 0.656250 0.114062 0.162500
0 0.776563 0.263542 0.131250 0.143750
0 0.917188 0.283333 0.140625 0.145833
0 0.760156 0.030208 0.142187 0.056250
0 0.402344 0.582292 0.148438 0.189583
0 0.635156 0.428125 0.085938 0.114583
0 0.605469 0.596875 0.095312 0.156250
0 0.692969 0.718750 0.104688 0.170833
0 0.100000 0.562500 0.087500 0.158333
0 0.043750 0.627083 0.071875 0.137500
0 0.026562 0.219792 0.050000 0.143750
0 0.787500 0.558333 0.118750 0.104167
