0 0.627344 0.171875 0.232813 0.310417
2 0.877344 0.168750 0.045312 0.079167
0 0.950000 0.264583 0.100000 0.212500
0 0.452344 0.485417 0.135937 0.170833
0 0.374219 0.306250 0.164062 0.150000
0 0.313281 0.184375 0.114062 0.189583
0 0.417187 0.066667 0.146875 0.129167
0 0.264844 0.170833 0.095312 0.187500
0 0.120313 0.069792 0.156250 0.122917
0 0.453906 0.643750 0.123438 0.145833
0 0.557813 0.453125 0.178125 0.210417
0 0.515625 0.948958 0.118750 0.102083
0 0.180469 0.823958 0.095312 0.189583
0 0.246875 0.801042 0.100000 0.206250
0 0.284375 0.476042 0.115625 0.110417
0 0.718750 0.729167 0.140625 0.225000
0 0.122656 0.604167 0.082812 0.191667
0 0.203125 0.636458 0.121875 0.193750
0 0.366406 0.830208 0.126562 0.185417
