0 0.763281 0.734375 0.107813 0.168750
0 0.841406 0.759375 0.120313 0.177083
0 0.915625 0.817708 0.128125 0.202083
0 0.909375 0.630208 0.140625 0.193750
0 0.955469 0.601042 0.089063 0.181250
0 0.928906 0.104167 0.135937 0.204167
0 0.438281 0.146875 0.148438 0.197917
0 0.274219 0.094792 0.160938 0.185417
0 0.371094 0.923958 0.120313 0.152083
0 0.514844 0.853125 0.148438 0.139583
0 0.550000 0.744792 0.153125 0.214583
0 0.650000 0.771875 0.159375 0.160417
0 0.582031 0.054167 0.170313 0.104167
1 0.268750 0.577083 0.318750 0.391667
