1 0.316406 0.582292 0.257812 0.381250
2 0.646875 0.451042 0.040625 0.064583
2 0.885938 0.157292 0.050000 0.081250
2 0.265625 0.037500 0.056250 0.058333
2 0.188281 0.715625 0.042188 0.047917
2 0.160156 0.967708 0.045312 0.064583
0 0.145313 0.419792 0.115625 0.156250
0 0.083594 0.521875 0.142187 0.172917
0 0.533594 0.397917 0.101562 0.154167
0 0.803906 0.231250 0.170313 0.179167
0 0.825781 0.401042 0.154688 0.202083
0 0.736719 0.478125 0.107813 0.172917
0 0.763281 0.434375 0.098437 0.160417
0 0.675781 0.615625 0.123438 0.202083
0 0.651563 0.773958 0.090625 0.156250
0 0.957812 0.857292 0.084375 0.231250
0 0.387500 0.038542 0.121875 0.072917
0 0.110937 0.214583 0.159375 0.187500
0 0.554688 0.142708 0.112500 0.202083
0 0.069531 0.772917 0.135937 0.175000
0 0.048438 0.121875 0.093750 0.160417
