1 0.201563 0.645833 0.284375 0.375000
0 0.041406 0.587500 0.079687 0.170833
0 0.489063 0.698958 0.140625 0.181250
0 0.729688 0.752083 0.128125 0.229167
0 0.849219 0.597917 0.157812 0.195833
0 0.956250 0.682292 0.087500 0.152083
0 0.943750 0.467708 0.112500 0.172917
0 0.825000 0.259375 0.131250 0.172917
0 0.921875 0.210417 0.109375 0.145833
0 0.963281 0.291667 0.073438 0.179167
0 0.226562 0.298958 0.168750 0.147917
0 0.269531 0.193750 0.185938 0.158333
0 0.524219 0.150000 0.198437 0.191667
0 0.582031 0.903125 0.132812 0.164583
0 0.476562 0.052083 0.159375 0.100000
0 0.745313 0.908333 0.121875 0.158333
