1 0.533594 0.797917 0.298438 0.387500
2 0.309375 0.709375 0.043750 0.060417
2 0.200000 0.565625 0.056250 0.064583
2 0.231250 0.671875 0.050000 0.056250
2 0.040625 0.873958 0.050000 0.064583
2 0.302344 0.167708 0.048438 0.068750
0 0.784375 0.850000 0.178125 0.204167
0 0.714063 0.938542 0.134375 0.122917
0 0.297656 0.742708 0.135937 0.202083
0 0.382812 0.712500 0.156250 0.275000
0 0.405469 0.458333 0.160938 0.183333
0 0.518750 0.350000 0.159375 0.195833
0 0.670312 0.494792 0.128125 0.214583
0 0.823438 0.553125 0.137500 0.202083
0 0.748437 0.470833 0.093750 0.208333
0 0.796094 0.400000 0.123438 0.195833
0 0.910156 0.300000 0.173437 0.266667
0 0.248438 0.906250 0.178125 0.187500
0 0.153125 0.941667 0.100000 0.116667
0 0.032031 0.718750 0.060937 0.212500
0 0.109375 0.589583 0.109375 0.179167
0 0.192969 0.560417 0.104688 0.179167
0 0.264062 0.510417 0.128125 0.204167
0 0.043750 0.458333 0.084375 0.133333
0 0.169531 0.332292 0.126562 0.168750
0 0.077344 0.246875 0.120313 0.181250
0 0.032813 0.237500 0.062500 0.195833
0 0.181250 0.083333 0.096875 0.162500
0 0.096094 0.057292 0.189062 0.110417
0 0.196094 0.123958 0.132812 0.147917
0 0.335938 0.080208 0.118750 0.152083
0 0.433594 0.173958 0.139063 0.156250
0 0.591406 0.094792 0.173437 0.185417
0 0.734375 0.209375 0.121875 0.231250
0 0.490625 0.131250 0.137500 0.191667
