1 0.212500 0.606250 0.337500 0.554167
2 0.738281 0.902083 0.067187 0.070833
2 0.648438 0.841667 0.071875 0.066667
2 0.039062 0.371875 0.075000 0.106250
0 0.604688 0.073958 0.184375 0.143750
0 0.443750 0.052083 0.134375 0.100000
0 0.951562 0.514583 0.096875 0.162500
0 0.632812 0.806250 0.137500 0.208333
0 0.073438 0.291667 0.100000 0.170833
0 0.779687 0.110417 0.156250 0.195833
0 0.803125 0.316667 0.178125 0.237500
0 0.424219 0.330208 0.148438 0.168750
0 0.281250 0.914583 0.150000 0.170833
0 0.321875 0.189583 0.106250 0.233333
0 0.861719 0.045833 0.101562 0.087500
0 0.902344 0.162500 0.182812 0.208333
0 0.137500 0.302083 0.140625 0.241667
0 0.593750 0.495833 0.137500 0.191667
