1 0.371094 0.282292 0.276562 0.335417
2 0.896094 0.568750 0.051562 0.087500
2 0.550000 0.588542 0.037500 0.072917
2 0.581250 0.812500 0.065625 0.062500
2 0.967187 0.936458 0.050000 0.064583
0 0.887500 0.164583 0.125000 0.237500
0 0.722656 0.097917 0.157812 0.191667
0 0.861719 0.057292 0.157812 0.110417
0 0.526563 0.056250 0.228125 0.108333
0 0.578125 0.297917 0.156250 0.225000
0 0.668750 0.403125 0.146875 0.202083
0 0.762500 0.607292 0.200000 0.277083
0 0.881250 0.531250 0.156250 0.195833
0 0.874219 0.909375 0.095312 0.181250
0 0.877344 0.852083 0.135937 0.154167
0 0.985156 0.802083 0.029687 0.133333
0 0.792188 0.958333 0.093750 0.083333
0 0.670312 0.846875 0.162500 0.185417
0 0.630469 0.945833 0.185938 0.108333
0 0.578906 0.687500 0.164062 0.187500
0 0.262500 0.043750 0.150000 0.083333
0 0.071875 0.086458 0.125000 0.168750
0 0.157031 0.103125 0.185938 0.135417
0 0.156250 0.302083 0.150000 0.279167
0 0.056250 0.366667 0.109375 0.258333
0 0.167969 0.546875 0.129688 0.193750
0 0.324219 0.518750 0.164062 0.179167
0 0.435156 0.656250 0.139063 0.237500
0 0.302344 0.689583 0.117188 0.220833
0 0.300781 0.854167 0.120313 0.162500
0 0.354687 0.942708 0.140625 0.114583
0 0.183594 0.918750 0.167187 0.162500
0 0.064844 0.822917 0.126562 0.133333
0 0.071094 0.680208 0.139063 0.160417
