1 0.536719 0.147917 0.289062 0.291667
2 0.885156 0.165625 0.032813 0.089583
2 0.817969 0.946875 0.045312 0.085417
0 0.596875 0.715625 0.137500 0.185417
0 0.892969 0.606250 0.110937 0.187500
0 0.939844 0.496875 0.120313 0.185417
0 0.700000 0.263542 0.168750 0.218750
0 0.680469 0.440625 0.117188 0.172917
0 0.750781 0.492708 0.095312 0.135417
0 0.781250 0.511458 0.084375 0.114583
0 0.833594 0.506250 0.120313 0.175000
0 0.389844 0.745833 0.120313 0.187500
0 0.091406 0.718750 0.154688 0.237500
0 0.063281 0.475000 0.123438 0.187500
0 0.050000 0.338542 0.096875 0.164583
0 0.045312 0.115625 0.087500 0.135417
0 0.273438 0.077083 0.143750 0.150000
0 0.423438 0.472917 0.146875 0.200000
0 0.304688 0.380208 0.150000 0.193750
0 0.239063 0.455208 0.190625 0.185417
0 0.315625 0.586458 0.156250 0.168750
0 0.352344 0.561458 0.154688 0.185417
0 0.303125 0.564583 0.081250 0.137500
0 0.202344 0.608333 0.132812 0.170833
0 0.170313 0.502083 0.134375 0.166667
0 0.287500 0.930208 0.175000 0.139583
0 0.807031 0.659375 0.139063 0.189583
0 0.745313 0.701042 0.084375 0.202083
0 0.841406 0.826042 0.120313 0.189583
0 0.817187 0.929167 0.162500 0.129167
0 0.892188 0.922917 0.093750 0.154167
