1 0.695312 0.117708 0.334375 0.231250
0 0.292969 0.826042 0.160938 0.189583
0 0.309375 0.925000 0.125000 0.129167
0 0.074219 0.881250 0.145313 0.170833
0 0.106250 0.583333 0.143750 0.204167
0 0.214844 0.682292 0.195312 0.222917
0 0.696875 0.445833 0.178125 0.145833
0 0.710938 0.305208 0.206250 0.164583
0 0.497656 0.191667 0.223438 0.275000
0 0.432031 0.072917 0.173437 0.141667
0 0.274219 0.176042 0.176563 0.302083
0 0.160938 0.177083 0.121875 0.204167
0 0.916406 0.313542 0.120313 0.168750
0 0.449219 0.403125 0.120313 0.147917
0 0.503125 0.496875 0.153125 0.231250
0 0.432031 0.632292 0.145313 0.235417
0 0.560156 0.735417 0.142187 0.179167
0 0.643750 0.660417 0.106250 0.208333
0 0.762500 0.777083 0.134375 0.270833
0 0.857812 0.583333 0.131250 0.175000
0 0.938281 0.807292 0.110937 0.227083
0 0.961719 0.703125 0.076563 0.177083
0 0.664062 0.916667 0.159375 0.166667
0 0.466406 0.944792 0.129688 0.110417
0 0.525781 0.897917 0.110937 0.125000
0 0.654687 0.808333 0.131250 0.141667
0 0.034375 0.652083 0.065625 0.158333
0 0.025781 0.447917 0.048438 0.191667
0 0.094531 0.306250 0.145313 0.275000
0 0.253125 0.378125 0.165625 0.197917
0 0.041406 0.117708 0.079687 0.177083
0 0.942187 0.088542 0.115625 0.164583
0 0.971875 0.258333 0.056250 0.187500
0 0.247656 0.373958 0.170313 0.189583
0 0.360156 0.465625 0.117188 0.193750
