2 0.262500 0.029167 0.050000 0.054167
2 0.497656 0.828125 0.067187 0.072917
2 0.947656 0.846875 0.054688 0.052083
2 0.887500 0.165625 0.046875 0.085417
1 0.409375 0.263542 0.359375 0.493750
0 0.623437 0.144792 0.121875 0.202083
0 0.054688 0.259375 0.106250 0.181250
0 0.104688 0.440625 0.125000 0.156250
0 0.086719 0.354167 0.142187 0.129167
0 0.111719 0.279167 0.082812 0.091667
0 0.190625 0.452083 0.156250 0.233333
0 0.210938 0.593750 0.153125 0.170833
0 0.271094 0.519792 0.132812 0.177083
0 0.223438 0.717708 0.143750 0.168750
0 0.463281 0.683333 0.142187 0.129167
0 0.371875 0.685417 0.153125 0.208333
0 0.739844 0.850000 0.157812 0.162500
0 0.507031 0.921875 0.139063 0.156250
0 0.748437 0.344792 0.131250 0.147917
0 0.946094 0.412500 0.107813 0.200000
0 0.767969 0.064583 0.135937 0.125000
0 0.647656 0.514583 0.176563 0.250000
