2 0.659375 0.068750 0.068750 0.112500
2 0.364063 0.922917 0.046875 0.054167
1 0.548438 0.612500 0.243750 0.275000
1 0.966406 0.100000 0.060937 0.195833
0 0.846875 0.315625 0.143750 0.181250
0 0.778125 0.465625 0.140625 0.181250
0 0.911719 0.753125 0.126562 0.193750
0 0.794531 0.845833 0.151562 0.208333
0 0.597656 0.377083 0.123438 0.195833
0 0.317969 0.292708 0.179688 0.256250
0 0.101562 0.060417 0.109375 0.116667
0 0.071094 0.872917 0.132812 0.154167
0 0.250000 0.931250 0.137500 0.137500
0 0.147656 0.947917 0.110937 0.104167
