1 0.325000 0.394792 0.234375 0.356250
2 0.164844 0.916667 0.051562 0.058333
2 0.473438 0.018750 0.046875 0.033333
2 0.883594 0.169792 0.042188 0.093750
0 0.671875 0.416667 0.150000 0.166667
0 0.856250 0.527083 0.112500 0.208333
0 0.875781 0.683333 0.114062 0.154167
0 0.927344 0.560417 0.123438 0.158333
0 0.966406 0.418750 0.067187 0.216667
0 0.161719 0.717708 0.160938 0.172917
0 0.058594 0.702083 0.114062 0.150000
0 0.303125 0.911458 0.137500 0.135417
0 0.101562 0.935417 0.150000 0.129167
0 0.082812 0.815625 0.162500 0.177083
0 0.420312 0.631250 0.096875 0.150000
0 0.465625 0.556250 0.090625 0.191667
0 0.307031 0.644792 0.164062 0.127083
0 0.136719 0.468750 0.135937 0.187500
0 0.723437 0.784375 0.137500 0.177083
0 0.794531 0.853125 0.114062 0.197917
0 0.948438 0.190625 0.081250 0.143750
0 0.950781 0.142708 0.098437 0.139583
