1 0.310156 0.567708 0.239063 0.318750
2 0.175000 0.425000 0.043750 0.066667
2 0.133594 0.471875 0.060937 0.056250
2 0.796094 0.818750 0.042188 0.045833
2 0.712500 0.459375 0.056250 0.056250
2 0.552344 0.025000 0.048438 0.045833
2 0.878125 0.177083 0.053125 0.083333
0 0.119531 0.225000 0.164062 0.191667
0 0.075000 0.350000 0.137500 0.204167
0 0.060156 0.506250 0.117188 0.129167
0 0.232031 0.852083 0.176563 0.204167
0 0.283594 0.954167 0.101562 0.091667
0 0.467969 0.773958 0.226562 0.314583
0 0.652344 0.827083 0.185938 0.291667
0 0.801562 0.737500 0.156250 0.154167
0 0.820312 0.877083 0.140625 0.170833
0 0.930469 0.889583 0.129688 0.220833
0 0.782813 0.954167 0.146875 0.091667
0 0.132031 0.884375 0.089063 0.147917
0 0.053906 0.890625 0.104688 0.172917
0 0.272656 0.351042 0.192188 0.152083
0 0.419531 0.410417 0.098437 0.175000
0 0.414062 0.246875 0.146875 0.181250
0 0.536719 0.302083 0.132812 0.162500
0 0.429688 0.095833 0.165625 0.187500
0 0.439063 0.055208 0.109375 0.106250
0 0.228125 0.045833 0.140625 0.087500
0 0.679688 0.066667 0.168750 0.125000
0 0.632812 0.184375 0.128125 0.210417
0 0.657031 0.406250 0.160938 0.200000
0 0.878906 0.122917 0.148438 0.220833
0 0.877344 0.412500 0.154688 0.137500
0 0.922656 0.477083 0.132812 0.125000
0 0.833594 0.329167 0.092188 0.145833
