1 0.751563 0.748958 0.150000 0.218750
2 0.604688 0.181250 0.034375 0.054167
2 0.236719 0.284375 0.042188 0.068750
2 0.878125 0.172917 0.037500 0.070833
0 0.364844 0.729167 0.126562 0.183333
0 0.316406 0.876042 0.107813 0.135417
0 0.935156 0.528125 0.129688 0.177083
0 0.850000 0.175000 0.153125 0.166667
0 0.626563 0.279167 0.096875 0.133333
0 0.511719 0.283333 0.132812 0.175000
0 0.495312 0.498958 0.118750 0.143750
0 0.089063 0.268750 0.118750 0.191667
0 0.080469 0.658333 0.129688 0.137500
0 0.142187 0.641667 0.093750 0.141667
0 0.107031 0.776042 0.148438 0.202083
0 0.066406 0.869792 0.129688 0.164583
0 0.162500 0.100000 0.140625 0.141667
