1 0.346875 0.289583 0.187500 0.245833
0 0.539062 0.256250 0.109375 0.200000
0 0.717969 0.075000 0.126562 0.145833
0 0.888281 0.385417 0.139063 0.166667
0 0.943750 0.235417 0.112500 0.233333
0 0.901563 0.530208 0.156250 0.206250
0 0.941406 0.671875 0.117188 0.197917
0 0.629687 0.618750 0.112500 0.191667
0 0.790625 0.707292 0.143750 0.172917
0 0.699219 0.740625 0.145313 0.197917
0 0.452344 0.678125 0.151562 0.222917
0 0.352344 0.560417 0.195312 0.154167
0 0.036719 0.263542 0.070312 0.214583
0 0.049219 0.632292 0.095312 0.152083
0 0.173437 0.606250 0.153125 0.187500
