0 0.329688 0.455208 0.165625 0.218750
0 0.461719 0.404167 0.120313 0.175000
0 0.562500 0.082292 0.171875 0.160417
0 0.680469 0.079167 0.142187 0.154167
0 0.650000 0.258333 0.118750 0.175000
0 0.766406 0.180208 0.170313 0.127083
0 0.792188 0.076042 0.178125 0.143750
0 0.596875 0.590625 0.121875 0.127083
0 0.083594 0.821875 0.123438 0.206250
0 0.932031 0.911458 0.117188 0.177083
1 0.401562 0.723958 0.231250 0.277083
2 0.256250 0.755208 0.056250 0.072917
2 0.207031 0.783333 0.029687 0.062500
2 0.298438 0.917708 0.043750 0.060417
2 0.541406 0.964583 0.039062 0.062500
2 0.712500 0.768750 0.037500 0.037500
2 0.662500 0.402083 0.037500 0.045833
2 0.969531 0.437500 0.023438 0.062500
0 0.221875 0.083333 0.146875 0.162500
0 0.080469 0.215625 0.139063 0.197917
