1 0.328125 0.373958 0.240625 0.285417
2 0.877344 0.166667 0.064062 0.062500
2 0.153906 0.520833 0.045312 0.041667
0 0.219531 0.578125 0.114062 0.185417
0 0.956250 0.791667 0.087500 0.191667
0 0.800000 0.731250 0.115625 0.183333
0 0.785156 0.564583 0.126562 0.195833
0 0.702344 0.785417 0.132812 0.150000
0 0.470313 0.931250 0.131250 0.137500
0 0.392188 0.092708 0.146875 0.181250
0 0.554688 0.088542 0.096875 0.160417
0 0.705469 0.154167 0.107813 0.154167
0 0.954688 0.309375 0.090625 0.164583
0 0.896094 0.192708 0.123438 0.152083
