2 0.573438 0.239583 0.050000 0.087500
2 0.667969 0.232292 0.060937 0.072917
2 0.512500 0.107292 0.050000 0.064583
2 0.554688 0.077083 0.037500 0.045833
2 0.607812 0.067708 0.031250 0.060417
2 0.858594 0.297917 0.057813 0.062500
2 0.417969 0.500000 0.045312 0.045833
1 0.107031 0.564583 0.210938 0.300000
0 0.658594 0.595833 0.154688 0.191667
0 0.650000 0.413542 0.150000 0.168750
0 0.542969 0.681250 0.126562 0.166667
0 0.785156 0.913542 0.160938 0.172917
0 0.834375 0.801042 0.156250 0.172917
0 0.873437 0.303125 0.131250 0.164583
0 0.789844 0.208333 0.182812 0.208333
2 0.886719 0.167708 0.051562 0.077083
0 0.572656 0.065625 0.170313 0.127083
0 0.296875 0.370833 0.121875 0.166667
0 0.350781 0.338542 0.139063 0.197917
0 0.360156 0.216667 0.107813 0.145833
0 0.272656 0.638542 0.095312 0.189583
0 0.842187 0.687500 0.118750 0.162500
0 0.579688 0.930208 0.115625 0.127083
0 0.045312 0.783333 0.087500 0.137500
2 0.259375 0.088542 0.028125 0.064583
