0 0.574219 0.869792 0.170313 0.260417
0 0.153906 0.094792 0.123438 0.160417
0 0.229687 0.035417 0.112500 0.066667
0 0.524219 0.367708 0.120313 0.243750
0 0.713281 0.302083 0.148438 0.200000
0 0.853125 0.087500 0.153125 0.170833
0 0.931250 0.227083 0.100000 0.191667
0 0.108594 0.425000 0.114062 0.183333
0 0.099219 0.568750 0.101562 0.225000
0 0.084375 0.833333 0.131250 0.175000
0 0.051562 0.793750 0.100000 0.175000
0 0.367969 0.686458 0.142187 0.168750
0 0.353906 0.552083 0.135937 0.120833
0 0.553125 0.616667 0.087500 0.150000
0 0.539062 0.570833 0.075000 0.175000
0 0.851562 0.909375 0.131250 0.127083
0 0.964063 0.936458 0.071875 0.102083
0 0.038281 0.033333 0.073438 0.058333
1 0.304688 0.265625 0.231250 0.343750
2 0.243750 0.669792 0.056250 0.060417
