0 0.220312 0.182292 0.156250 0.231250
0 0.753906 0.375000 0.170313 0.179167
0 0.100000 0.865625 0.109375 0.164583
0 0.493750 0.873958 0.150000 0.172917
0 0.970313 0.809375 0.059375 0.181250
0 0.826562 0.940625 0.115625 0.118750
0 0.652344 0.378125 0.145313 0.193750
0 0.831250 0.041667 0.153125 0.079167
0 0.507031 0.075000 0.139063 0.145833
0 0.401562 0.062500 0.171875 0.120833
0 0.571875 0.053125 0.128125 0.102083
0 0.272656 0.056250 0.123438 0.108333
0 0.471875 0.301042 0.131250 0.193750
0 0.046875 0.546875 0.090625 0.172917
0 0.298438 0.797917 0.150000 0.187500
1 0.231250 0.513542 0.218750 0.285417
2 0.728125 0.621875 0.037500 0.064583
2 0.884375 0.161458 0.043750 0.068750
