1 0.488281 0.584375 0.195312 0.277083
2 0.873437 0.166667 0.056250 0.062500
2 0.792969 0.205208 0.067187 0.081250
2 0.634375 0.420833 0.056250 0.062500
2 0.588281 0.858333 0.051562 0.091667
2 0.396094 0.757292 0.039062 0.043750
0 0.059375 0.392708 0.115625 0.143750
0 0.320312 0.388542 0.118750 0.181250
0 0.686719 0.555208 0.160938 0.185417
0 0.634375 0.731250 0.112500 0.145833
0 0.792969 0.913542 0.092188 0.160417
0 0.869531 0.795833 0.107813 0.150000
0 0.942187 0.845833 0.115625 0.150000
0 0.890625 0.418750 0.140625 0.183333
0 0.888281 0.246875 0.107813 0.231250
0 0.959375 0.231250 0.081250 0.225000
0 0.583594 0.110417 0.082812 0.154167
0 0.771875 0.102083 0.153125 0.179167
0 0.890625 0.608333 0.131250 0.191667
0 0.787500 0.659375 0.156250 0.197917
0 0.329688 0.827083 0.118750 0.216667
