1 0.303125 0.698958 0.240625 0.347917
0 0.467969 0.873958 0.120313 0.152083
2 0.287500 0.228125 0.034375 0.047917
2 0.117188 0.134375 0.053125 0.085417
2 0.877344 0.168750 0.051562 0.079167
0 0.717187 0.250000 0.131250 0.183333
0 0.585938 0.165625 0.128125 0.193750
0 0.741406 0.076042 0.148438 0.102083
0 0.843750 0.062500 0.106250 0.120833
0 0.896875 0.530208 0.084375 0.118750
0 0.874219 0.410417 0.110937 0.133333
0 0.936719 0.795833 0.126562 0.154167
0 0.921875 0.925000 0.150000 0.150000
0 0.475000 0.962500 0.128125 0.075000
0 0.028125 0.868750 0.053125 0.200000
0 0.180469 0.285417 0.129688 0.183333
0 0.124219 0.176042 0.117188 0.231250
0 0.411719 0.038542 0.154688 0.072917
0 0.332031 0.080208 0.120313 0.156250
